# Created by Octave 3.6.2, Sat Apr 12 12:56:16 2014 CST <waldronluo@Debian>
# name: accruacyM
# type: matrix
# rows: 92
# columns: 18
 5 0.78125 1 0 4 1 5 0.8020833333333334 1 0.09523809523809523 4 1 5 0.78125 1 0 4 1
 6 0.78125 1 0 5 1 6 0.78125 1 0 5 1 6 0.78125 1 0 5 1
 7 0.9895833333333334 2 0.9523809523809523 5 1 7 0.78125 2 0 5 1 7 0.78125 2 0 5 1
 8 0.8125 2 0.1428571428571428 6 1 8 0.78125 2 0 6 1 8 0.78125 2 0 6 1
 9 0.78125 2 0 7 1 9 0.78125 2 0 7 1 9 0.78125 2 0 7 1
 10 0.8020833333333334 2 0.09523809523809523 8 1 10 0.78125 2 0 8 1 10 0.78125 2 0 8 1
 11 0.8229166666666666 2 0.1904761904761905 9 1 11 0.78125 2 0 9 1 11 0.78125 2 0 9 1
 12 0.9479166666666666 3 0.7619047619047619 9 1 12 0.78125 3 0 9 1 12 0.78125 3 0 9 1
 13 0.8125 3 0.1428571428571428 10 1 13 0.78125 3 0 10 1 13 0.8333333333333334 3 0.2380952380952381 10 1
 14 0.90625 3 0.5714285714285714 11 1 14 0.78125 3 0 11 1 14 0.78125 3 0 11 1
 15 0.90625 3 0.5714285714285714 12 1 15 0.78125 3 0 12 1 15 0.78125 3 0 12 1
 16 0.9791666666666666 4 0.9047619047619048 13 1 16 0.78125 4 0 13 1 16 0.7916666666666666 4 0.04761904761904762 13 1
 17 1 4 1 13 1 17 0.8125 4 0.1428571428571428 13 1 17 0.875 4 0.4285714285714285 13 1
 18 0.9895833333333334 4 0.9523809523809523 14 1 18 0.78125 4 0 14 1 18 0.875 4 0.4761904761904762 14 0.9866666666666667
 19 1 4 1 15 1 19 0.78125 4 0 15 1 19 0.8125 4 0.1428571428571428 15 1
 20 1 4 1 16 1 20 0.8125 4 0.1428571428571428 16 1 20 0.8125 4 0.1428571428571428 16 1
 21 1 5 1 16 1 21 0.78125 5 0 16 1 21 0.8958333333333334 5 0.5238095238095238 16 1
 22 1 5 1 17 1 22 0.78125 5 0 17 1 22 0.8958333333333334 5 0.5238095238095238 17 1
 23 1 5 1 18 1 23 0.78125 5 0 18 1 23 0.8541666666666666 5 0.3333333333333333 18 1
 24 0.9895833333333334 5 0.9523809523809523 19 1 24 0.78125 5 0 19 1 24 0.8958333333333334 5 0.5238095238095238 19 1
 25 0.9895833333333334 5 0.9523809523809523 20 1 25 0.8020833333333334 5 0.09523809523809523 20 1 25 0.8645833333333334 5 0.3809523809523809 20 1
 26 1 6 1 20 1 26 0.8125 6 0.1428571428571428 20 1 26 0.8645833333333334 6 0.3809523809523809 20 1
 27 1 6 1 21 1 27 0.78125 6 0 21 1 27 0.8958333333333334 6 0.5238095238095238 21 1
 28 1 6 1 22 1 28 0.8229166666666666 6 0.1904761904761905 22 1 28 0.8958333333333334 6 0.5238095238095238 22 1
 29 1 6 1 23 1 29 0.8229166666666666 6 0.1904761904761905 23 1 29 0.8541666666666666 6 0.3333333333333333 23 1
 30 1 7 1 23 1 30 0.8541666666666666 7 0.3333333333333333 23 1 30 0.875 7 0.4285714285714285 23 1
 31 1 7 1 24 1 31 0.8229166666666666 7 0.1904761904761905 24 1 31 0.90625 7 0.5714285714285714 24 1
 32 0.9895833333333334 7 0.9523809523809523 25 1 32 0.78125 7 0 25 1 32 0.8854166666666666 7 0.4761904761904762 25 1
 33 1 7 1 26 1 33 0.8125 7 0.1428571428571428 26 1 33 0.8541666666666666 7 0.3333333333333333 26 1
 34 0.9895833333333334 7 0.9523809523809523 27 1 34 0.8125 7 0.1428571428571428 27 1 34 0.8958333333333334 7 0.5238095238095238 27 1
 35 1 8 1 27 1 35 0.9895833333333334 8 1 27 0.9866666666666667 35 0.8958333333333334 8 0.5714285714285714 27 0.9866666666666667
 36 1 8 1 28 1 36 0.875 8 0.4285714285714285 28 1 36 0.90625 8 0.5714285714285714 28 1
 37 1 8 1 29 1 37 0.84375 8 0.2857142857142857 29 1 37 0.8958333333333334 8 0.5714285714285714 29 0.9866666666666667
 38 1 8 1 30 1 38 0.84375 8 0.2857142857142857 30 1 38 0.90625 8 0.5714285714285714 30 1
 39 1 9 1 30 1 39 0.9895833333333334 9 0.9523809523809523 30 1 39 0.8958333333333334 9 0.5714285714285714 30 0.9866666666666667
 40 1 9 1 31 1 40 0.90625 9 0.5714285714285714 31 1 40 0.90625 9 0.5714285714285714 31 1
 41 1 9 1 32 1 41 0.8645833333333334 9 0.3809523809523809 32 1 41 0.8958333333333334 9 0.5238095238095238 32 1
 42 1 9 1 33 1 42 0.8229166666666666 9 0.1904761904761905 33 1 42 0.90625 9 0.5714285714285714 33 1
 43 1 9 1 34 1 43 0.7916666666666666 9 0.04761904761904762 34 1 43 0.90625 9 0.5714285714285714 34 1
 44 1 10 1 34 1 44 0.9166666666666666 10 0.6190476190476191 34 1 44 0.8958333333333334 10 0.5714285714285714 34 0.9866666666666667
 45 1 10 1 35 1 45 0.9791666666666666 10 0.9047619047619048 35 1 45 0.90625 10 0.6190476190476191 35 0.9866666666666667
 46 1 10 1 36 1 46 0.9791666666666666 10 0.9047619047619048 36 1 46 0.8958333333333334 10 0.5238095238095238 36 1
 47 1 10 1 37 1 47 0.9375 10 0.7142857142857143 37 1 47 0.9166666666666666 10 0.6190476190476191 37 1
 48 1 11 1 38 1 48 1 11 1 38 1 48 0.90625 11 0.5714285714285714 38 1
 49 1 11 1 38 1 49 0.9270833333333334 11 0.6666666666666666 38 1 49 0.90625 11 0.5714285714285714 38 1
 50 1 11 1 39 1 50 0.9895833333333334 11 0.9523809523809523 39 1 50 0.90625 11 0.6190476190476191 39 0.9866666666666667
 51 1 11 1 40 1 51 1 11 1 40 1 51 0.90625 11 0.5714285714285714 40 1
 52 1 11 1 41 1 52 0.9270833333333334 11 0.6666666666666666 41 1 52 0.9166666666666666 11 0.6190476190476191 41 1
 53 1 12 1 41 1 53 1 12 1 41 1 53 0.90625 12 0.6666666666666666 41 0.9733333333333334
 54 1 12 1 42 1 54 1 12 1 42 1 54 0.8958333333333334 12 0.5714285714285714 42 0.9866666666666667
 55 1 12 1 43 1 55 1 12 1 43 1 55 0.90625 12 0.5714285714285714 43 1
 56 1 12 1 44 1 56 1 12 1 44 1 56 0.90625 12 0.5714285714285714 44 1
 57 1 12 1 45 1 57 1 12 1 45 1 57 0.90625 12 0.5714285714285714 45 1
 58 1 13 1 45 1 58 1 13 1 45 1 58 0.8958333333333334 13 0.5714285714285714 45 0.9866666666666667
 59 1 13 1 46 1 59 1 13 1 46 1 59 0.90625 13 0.6190476190476191 46 0.9866666666666667
 60 1 13 1 47 1 60 1 13 1 47 1 60 0.8958333333333334 13 0.5714285714285714 47 0.9866666666666667
 61 1 13 1 48 1 61 1 13 1 48 1 61 0.8958333333333334 13 0.5238095238095238 48 1
 62 1 14 1 48 1 62 1 14 1 48 1 62 0.90625 14 0.5714285714285714 48 1
 63 1 14 1 49 1 63 1 14 1 49 1 63 0.90625 14 0.5714285714285714 49 1
 64 1 14 1 50 1 64 0.9895833333333334 14 0.9523809523809523 50 1 64 0.90625 14 0.5714285714285714 50 1
 65 1 14 1 51 1 65 1 14 1 51 1 65 0.8958333333333334 14 0.5714285714285714 51 0.9866666666666667
 66 1 14 1 52 1 66 1 14 1 52 1 66 0.8958333333333334 14 0.5714285714285714 52 0.9866666666666667
 67 1 15 1 52 1 67 1 15 1 52 1 67 0.8958333333333334 15 0.5714285714285714 52 0.9866666666666667
 68 1 15 1 53 1 68 1 15 1 53 1 68 0.90625 15 0.5714285714285714 53 1
 69 1 15 1 54 1 69 1 15 1 54 1 69 0.90625 15 0.5714285714285714 54 1
 70 1 15 1 55 1 70 1 15 1 55 1 70 0.90625 15 0.5714285714285714 55 1
 71 1 16 1 55 1 71 1 16 1 55 1 71 0.90625 16 0.5714285714285714 55 1
 72 1 16 1 56 1 72 1 16 1 56 1 72 0.90625 16 0.5714285714285714 56 1
 73 1 16 1 57 1 73 1 16 1 57 1 73 0.90625 16 0.5714285714285714 57 1
 74 1 16 1 58 1 74 1 16 1 58 1 74 0.90625 16 0.5714285714285714 58 1
 75 1 16 1 59 1 75 1 16 1 59 1 75 0.90625 16 0.5714285714285714 59 1
 76 1 17 1 59 1 76 1 17 1 59 1 76 0.8958333333333334 17 0.5714285714285714 59 0.9866666666666667
 77 1 17 1 60 1 77 1 17 1 60 1 77 0.8958333333333334 17 0.5714285714285714 60 0.9866666666666667
 78 1 17 1 61 1 78 1 17 1 61 1 78 0.90625 17 0.5714285714285714 61 1
 79 1 17 1 62 1 79 1 17 1 62 1 79 0.90625 17 0.5714285714285714 62 1
 80 1 18 1 63 1 80 1 18 1 63 1 80 0.90625 18 0.5714285714285714 63 1
 81 1 18 1 63 1 81 1 18 1 63 1 81 0.90625 18 0.5714285714285714 63 1
 82 1 18 1 64 1 82 1 18 1 64 1 82 0.90625 18 0.6190476190476191 64 0.9866666666666667
 83 1 18 1 65 1 83 1 18 1 65 1 83 0.90625 18 0.5714285714285714 65 1
 84 1 18 1 66 1 84 1 18 1 66 1 84 0.90625 18 0.6190476190476191 66 0.9866666666666667
 85 1 19 1 66 1 85 1 19 1 66 1 85 0.8958333333333334 19 0.5714285714285714 66 0.9866666666666667
 86 1 19 1 67 1 86 1 19 1 67 1 86 0.90625 19 0.5714285714285714 67 1
 87 1 19 1 68 1 87 1 19 1 68 1 87 0.90625 19 0.5714285714285714 68 1
 88 1 19 1 69 1 88 1 19 1 69 1 88 0.90625 19 0.5714285714285714 69 1
 89 1 19 1 70 1 89 1 19 1 70 1 89 0.8958333333333334 19 0.5714285714285714 70 0.9866666666666667
 90 1 20 1 70 1 90 1 20 1 70 1 90 0.90625 20 0.5714285714285714 70 1
 91 1 20 1 71 1 91 1 20 1 71 1 91 0.90625 20 0.5714285714285714 71 1
 92 1 20 1 72 1 92 1 20 1 72 1 92 0.90625 20 0.5714285714285714 72 1
