# Created by Octave 3.6.2, Sat Apr 12 12:56:50 2014 CST <waldronluo@Debian>
# name: accruacyM
# type: matrix
# rows: 92
# columns: 18
 5 0.78125 1 0 4 1 5 0.78125 1 0 4 1 5 0.78125 1 0 4 1
 6 0.78125 1 0 5 1 6 0.78125 1 0 5 1 6 0.78125 1 0 5 1
 7 0.8125 2 0.1428571428571428 5 1 7 0.78125 2 0 5 1 7 0.8333333333333334 2 0.2380952380952381 5 1
 8 0.78125 2 0 6 1 8 0.78125 2 0 6 1 8 0.78125 2 0 6 1
 9 0.78125 2 0 7 1 9 0.78125 2 0 7 1 9 0.78125 2 0 7 1
 10 0.78125 2 0 8 1 10 0.78125 2 0 8 1 10 0.78125 2 0 8 1
 11 0.78125 2 0 9 1 11 0.78125 2 0 9 1 11 0.78125 2 0 9 1
 12 0.8125 3 0.1428571428571428 9 1 12 0.78125 3 0 9 1 12 0.7916666666666666 3 0.04761904761904762 9 1
 13 0.8645833333333334 3 0.3809523809523809 10 1 13 0.78125 3 0 10 1 13 0.8854166666666666 3 0.4761904761904762 10 1
 14 0.8958333333333334 3 0.5238095238095238 11 1 14 0.78125 3 0 11 1 14 0.78125 3 0 11 1
 15 0.8333333333333334 3 0.2380952380952381 12 1 15 0.78125 3 0 12 1 15 0.7916666666666666 3 0.04761904761904762 12 1
 16 1 4 1 13 1 16 0.78125 4 0 13 1 16 0.8333333333333334 4 0.2380952380952381 13 1
 17 0.9791666666666666 4 0.9047619047619048 13 1 17 0.78125 4 0 13 1 17 0.78125 4 0 13 1
 18 1 4 1 14 1 18 0.78125 4 0 14 1 18 0.84375 4 0.2857142857142857 14 1
 19 0.96875 4 0.8571428571428571 15 1 19 0.78125 4 0 15 1 19 0.8333333333333334 4 0.2380952380952381 15 1
 20 0.9895833333333334 4 1 16 0.9866666666666667 20 0.78125 4 0 16 1 20 0.875 4 0.4285714285714285 16 1
 21 0.9791666666666666 5 0.9047619047619048 16 1 21 0.78125 5 0 16 1 21 0.8229166666666666 5 0.1904761904761905 16 1
 22 0.9895833333333334 5 1 17 0.9866666666666667 22 0.7916666666666666 5 0.04761904761904762 17 1 22 0.78125 5 0 17 1
 23 1 5 1 18 1 23 0.78125 5 0 18 1 23 0.8229166666666666 5 0.1904761904761905 18 1
 24 1 5 1 19 1 24 0.78125 5 0 19 1 24 0.8333333333333334 5 0.2380952380952381 19 1
 25 1 5 1 20 1 25 0.78125 5 0 20 1 25 0.8229166666666666 5 0.2380952380952381 20 0.9866666666666667
 26 1 6 1 20 1 26 0.78125 6 0 20 1 26 0.9270833333333334 6 0.6666666666666666 20 1
 27 0.9895833333333334 6 1 21 0.9866666666666667 27 0.7916666666666666 6 0.04761904761904762 21 1 27 0.8333333333333334 6 0.2380952380952381 21 1
 28 1 6 1 22 1 28 0.78125 6 0 22 1 28 0.9270833333333334 6 0.6666666666666666 22 1
 29 0.9895833333333334 6 1 23 0.9866666666666667 29 0.78125 6 0 23 1 29 0.8333333333333334 6 0.2380952380952381 23 1
 30 0.9895833333333334 7 1 23 0.9866666666666667 30 0.78125 7 0 23 1 30 0.8958333333333334 7 0.5238095238095238 23 1
 31 1 7 1 24 1 31 0.78125 7 0 24 1 31 0.90625 7 0.6190476190476191 24 0.9866666666666667
 32 0.9895833333333334 7 1 25 0.9866666666666667 32 0.7916666666666666 7 0.04761904761904762 25 1 32 0.875 7 0.6666666666666666 25 0.9333333333333333
 33 1 7 1 26 1 33 0.78125 7 0 26 1 33 0.8645833333333334 7 0.6666666666666666 26 0.92
 34 0.9895833333333334 7 1 27 0.9866666666666667 34 0.78125 7 0 27 1 34 0.8958333333333334 7 0.5238095238095238 27 1
 35 0.9895833333333334 8 1 27 0.9866666666666667 35 0.7916666666666666 8 0.04761904761904762 27 1 35 0.9479166666666666 8 0.7619047619047619 27 1
 36 0.9895833333333334 8 1 28 0.9866666666666667 36 0.7916666666666666 8 0.04761904761904762 28 1 36 0.9270833333333334 8 0.6666666666666666 28 1
 37 0.9895833333333334 8 1 29 0.9866666666666667 37 0.7916666666666666 8 0.04761904761904762 29 1 37 0.9479166666666666 8 0.8095238095238095 29 0.9866666666666667
 38 1 8 1 30 1 38 0.78125 8 0 30 1 38 0.8958333333333334 8 0.5238095238095238 30 1
 39 0.9895833333333334 9 1 30 0.9866666666666667 39 0.78125 9 0 30 1 39 0.9583333333333334 9 0.8095238095238095 30 1
 40 0.9895833333333334 9 1 31 0.9866666666666667 40 0.7916666666666666 9 0.04761904761904762 31 1 40 0.8958333333333334 9 0.5714285714285714 31 0.9866666666666667
 41 0.9895833333333334 9 1 32 0.9866666666666667 41 0.78125 9 0 32 1 41 0.90625 9 0.6190476190476191 32 0.9866666666666667
 42 0.9895833333333334 9 1 33 0.9866666666666667 42 0.78125 9 0 33 1 42 0.9166666666666666 9 0.6666666666666666 33 0.9866666666666667
 43 1 9 1 34 1 43 0.78125 9 0 34 1 43 0.9166666666666666 9 0.6190476190476191 34 1
 44 0.9895833333333334 10 1 34 0.9866666666666667 44 0.7916666666666666 10 0.04761904761904762 34 1 44 0.8958333333333334 10 0.5714285714285714 34 0.9866666666666667
 45 0.9895833333333334 10 1 35 0.9866666666666667 45 0.9895833333333334 10 1 35 0.9866666666666667 45 0.9479166666666666 10 0.7619047619047619 35 1
 46 0.9895833333333334 10 1 36 0.9866666666666667 46 0.7916666666666666 10 0.04761904761904762 36 1 46 0.9270833333333334 10 0.7142857142857143 36 0.9866666666666667
 47 1 10 1 37 1 47 0.84375 10 0.2857142857142857 37 1 47 0.9166666666666666 10 0.6666666666666666 37 0.9866666666666667
 48 0.9895833333333334 11 1 38 0.9866666666666667 48 0.84375 11 0.2857142857142857 38 1 48 0.9270833333333334 11 0.7142857142857143 38 0.9866666666666667
 49 0.9895833333333334 11 1 38 0.9866666666666667 49 0.84375 11 0.2857142857142857 38 1 49 0.9375 11 0.8095238095238095 38 0.9733333333333334
 50 0.9895833333333334 11 1 39 0.9866666666666667 50 0.8333333333333334 11 0.2380952380952381 39 1 50 0.9479166666666666 11 0.8095238095238095 39 0.9866666666666667
 51 0.9895833333333334 11 1 40 0.9866666666666667 51 0.875 11 0.4285714285714285 40 1 51 0.9479166666666666 11 0.7619047619047619 40 1
 52 0.9895833333333334 11 1 41 0.9866666666666667 52 0.8020833333333334 11 0.09523809523809523 41 1 52 0.9479166666666666 11 0.8095238095238095 41 0.9866666666666667
 53 0.9895833333333334 12 1 41 0.9866666666666667 53 0.8854166666666666 12 0.4761904761904762 41 1 53 0.9375 12 0.7142857142857143 41 1
 54 0.9895833333333334 12 1 42 0.9866666666666667 54 0.9270833333333334 12 0.6666666666666666 42 1 54 0.9270833333333334 12 0.7142857142857143 42 0.9866666666666667
 55 0.9895833333333334 12 1 43 0.9866666666666667 55 0.8229166666666666 12 0.1904761904761905 43 1 55 0.9375 12 0.7619047619047619 43 0.9866666666666667
 56 1 12 1 44 1 56 0.8333333333333334 12 0.2380952380952381 44 1 56 0.90625 12 0.6666666666666666 44 0.9733333333333334
 57 0.9895833333333334 12 1 45 0.9866666666666667 57 0.84375 12 0.2857142857142857 45 1 57 0.9375 12 0.7619047619047619 45 0.9866666666666667
 58 0.9895833333333334 13 1 45 0.9866666666666667 58 0.9479166666666666 13 0.7619047619047619 45 1 58 0.9375 13 0.7142857142857143 45 1
 59 0.9895833333333334 13 1 46 0.9866666666666667 59 0.8541666666666666 13 0.3333333333333333 46 1 59 0.9375 13 0.7619047619047619 46 0.9866666666666667
 60 0.9895833333333334 13 1 47 0.9866666666666667 60 0.9270833333333334 13 0.6666666666666666 47 1 60 0.9375 13 0.7619047619047619 47 0.9866666666666667
 61 0.9895833333333334 13 1 48 0.9866666666666667 61 0.90625 13 0.5714285714285714 48 1 61 0.9479166666666666 13 0.7619047619047619 48 1
 62 1 14 1 48 1 62 0.9270833333333334 14 0.6666666666666666 48 1 62 0.9375 14 0.7619047619047619 48 0.9866666666666667
 63 0.9895833333333334 14 1 49 0.9866666666666667 63 0.9895833333333334 14 1 49 0.9866666666666667 63 0.9375 14 0.7619047619047619 49 0.9866666666666667
 64 0.9895833333333334 14 1 50 0.9866666666666667 64 0.8854166666666666 14 0.4761904761904762 50 1 64 0.9375 14 0.7619047619047619 50 0.9866666666666667
 65 0.9895833333333334 14 1 51 0.9866666666666667 65 0.9166666666666666 14 0.6190476190476191 51 1 65 0.9479166666666666 14 0.8095238095238095 51 0.9866666666666667
 66 0.9895833333333334 14 1 52 0.9866666666666667 66 0.9479166666666666 14 0.7619047619047619 52 1 66 0.9375 14 0.8095238095238095 52 0.9733333333333334
 67 1 15 1 52 1 67 0.9583333333333334 15 0.8095238095238095 52 1 67 0.9375 15 0.7619047619047619 52 0.9866666666666667
 68 0.9895833333333334 15 1 53 0.9866666666666667 68 0.90625 15 0.5714285714285714 53 1 68 0.9375 15 0.8095238095238095 53 0.9733333333333334
 69 1 15 1 54 1 69 0.9270833333333334 15 0.6666666666666666 54 1 69 0.9479166666666666 15 0.8095238095238095 54 0.9866666666666667
