# Created by Octave 3.6.2, Sat Apr 12 12:52:53 2014 CST <waldronluo@Debian>
# name: accruacyM
# type: matrix
# rows: 92
# columns: 18
 5 0.78125 1 0 4 1 5 0.78125 1 0 4 1 5 0.78125 1 0 4 1
 6 0.78125 1 0 5 1 6 0.78125 1 0 5 1 6 0.78125 1 0 5 1
 7 0.9895833333333334 2 0.9523809523809523 5 1 7 0.78125 2 0 5 1 7 0.78125 2 0 5 1
 8 0.78125 2 0 6 1 8 0.78125 2 0 6 1 8 0.78125 2 0 6 1
 9 0.8333333333333334 2 0.2380952380952381 7 1 9 0.78125 2 0 7 1 9 0.78125 2 0 7 1
 10 0.7916666666666666 2 0.04761904761904762 8 1 10 0.78125 2 0 8 1 10 0.78125 2 0 8 1
 11 0.8958333333333334 2 0.5238095238095238 9 1 11 0.78125 2 0 9 1 11 0.78125 2 0 9 1
 12 0.9166666666666666 3 0.6190476190476191 9 1 12 0.78125 3 0 9 1 12 0.78125 3 0 9 1
 13 0.9895833333333334 3 1 10 0.9866666666666667 13 0.78125 3 0 10 1 13 0.84375 3 0.2857142857142857 10 1
 14 0.90625 3 0.5714285714285714 11 1 14 0.78125 3 0 11 1 14 0.78125 3 0 11 1
 15 0.9895833333333334 3 0.9523809523809523 12 1 15 0.78125 3 0 12 1 15 0.78125 3 0 12 1
 16 0.9375 4 0.7142857142857143 13 1 16 0.78125 4 0 13 1 16 0.84375 4 0.2857142857142857 13 1
 17 0.9895833333333334 4 1 13 0.9866666666666667 17 0.78125 4 0 13 1 17 0.8854166666666666 4 0.4761904761904762 13 1
 18 0.9895833333333334 4 0.9523809523809523 14 1 18 0.78125 4 0 14 1 18 0.8541666666666666 4 0.3333333333333333 14 1
 19 0.9791666666666666 4 0.9047619047619048 15 1 19 0.78125 4 0 15 1 19 0.78125 4 0 15 1
 20 0.9791666666666666 4 0.9047619047619048 16 1 20 0.78125 4 0 16 1 20 0.8333333333333334 4 0.2380952380952381 16 1
 21 0.9895833333333334 5 1 16 0.9866666666666667 21 0.78125 5 0 16 1 21 0.8541666666666666 5 0.3333333333333333 16 1
 22 0.9791666666666666 5 0.9047619047619048 17 1 22 0.78125 5 0 17 1 22 0.78125 5 0 17 1
 23 0.9895833333333334 5 1 18 0.9866666666666667 23 0.78125 5 0 18 1 23 0.8854166666666666 5 0.4761904761904762 18 1
 24 0.9791666666666666 5 0.9047619047619048 19 1 24 0.78125 5 0 19 1 24 0.8541666666666666 5 0.3333333333333333 19 1
 25 0.9895833333333334 5 0.9523809523809523 20 1 25 0.78125 5 0 20 1 25 0.8333333333333334 5 0.2380952380952381 20 1
 26 0.9895833333333334 6 1 20 0.9866666666666667 26 0.78125 6 0 20 1 26 0.78125 6 0 20 1
 27 0.9895833333333334 6 1 21 0.9866666666666667 27 0.78125 6 0 21 1 27 0.9270833333333334 6 0.6666666666666666 21 1
 28 0.9895833333333334 6 0.9523809523809523 22 1 28 0.78125 6 0 22 1 28 0.9166666666666666 6 0.6190476190476191 22 1
 29 0.9791666666666666 6 0.9047619047619048 23 1 29 0.78125 6 0 23 1 29 0.9479166666666666 6 0.7619047619047619 23 1
 30 0.9895833333333334 7 0.9523809523809523 23 1 30 0.9166666666666666 7 0.6190476190476191 23 1 30 0.9270833333333334 7 0.6666666666666666 23 1
 31 0.9895833333333334 7 1 24 0.9866666666666667 31 0.78125 7 0 24 1 31 0.8958333333333334 7 0.5714285714285714 24 0.9866666666666667
 32 0.9895833333333334 7 0.9523809523809523 25 1 32 0.8333333333333334 7 0.2380952380952381 25 1 32 0.90625 7 0.5714285714285714 25 1
 33 1 7 1 26 1 33 0.78125 7 0 26 1 33 0.9375 7 0.7142857142857143 26 1
 34 1 7 1 27 1 34 0.7916666666666666 7 0.04761904761904762 27 1 34 0.90625 7 0.5714285714285714 27 1
 35 0.9895833333333334 8 0.9523809523809523 27 1 35 0.90625 8 0.5714285714285714 27 1 35 0.9583333333333334 8 0.8095238095238095 27 1
 36 0.9895833333333334 8 1 28 0.9866666666666667 36 0.8020833333333334 8 0.09523809523809523 28 1 36 0.9270833333333334 8 0.6666666666666666 28 1
 37 0.9895833333333334 8 1 29 0.9866666666666667 37 0.7916666666666666 8 0.04761904761904762 29 1 37 0.9479166666666666 8 0.7619047619047619 29 1
 38 0.9895833333333334 8 1 30 0.9866666666666667 38 0.78125 8 0 30 1 38 0.9270833333333334 8 0.6666666666666666 30 1
 39 0.9895833333333334 9 1 30 0.9866666666666667 39 0.9479166666666666 9 0.7619047619047619 30 1 39 0.9270833333333334 9 0.7619047619047619 30 0.9733333333333334
 40 1 9 1 31 1 40 0.8125 9 0.1428571428571428 31 1 40 0.9583333333333334 9 0.8095238095238095 31 1
 41 1 9 1 32 1 41 0.8229166666666666 9 0.1904761904761905 32 1 41 0.9583333333333334 9 0.8095238095238095 32 1
 42 0.9895833333333334 9 1 33 0.9866666666666667 42 1 9 1 33 1 42 0.90625 9 0.5714285714285714 33 1
 43 0.9895833333333334 9 0.9523809523809523 34 1 43 0.78125 9 0 34 1 43 0.9479166666666666 9 0.7619047619047619 34 1
 44 0.9895833333333334 10 1 34 0.9866666666666667 44 0.8333333333333334 10 0.2380952380952381 34 1 44 0.9479166666666666 10 0.8095238095238095 34 0.9866666666666667
 45 1 10 1 35 1 45 0.78125 10 0 35 1 45 0.96875 10 0.8571428571428571 35 1
 46 0.9895833333333334 10 1 36 0.9866666666666667 46 0.9166666666666666 10 0.6190476190476191 36 1 46 0.9583333333333334 10 0.8095238095238095 36 1
 47 1 10 1 37 1 47 0.9166666666666666 10 0.6190476190476191 37 1 47 0.9583333333333334 10 0.8095238095238095 37 1
 48 1 11 1 38 1 48 0.9895833333333334 11 1 38 0.9866666666666667 48 0.9583333333333334 11 0.8095238095238095 38 1
 49 0.9895833333333334 11 1 38 0.9866666666666667 49 0.8958333333333334 11 0.5238095238095238 38 1 49 0.96875 11 0.8571428571428571 38 1
 50 1 11 1 39 1 50 0.9895833333333334 11 1 39 0.9866666666666667 50 0.9583333333333334 11 0.8095238095238095 39 1
 51 1 11 1 40 1 51 0.9895833333333334 11 1 40 0.9866666666666667 51 0.9375 11 0.7619047619047619 40 0.9866666666666667
 52 0.9895833333333334 11 1 41 0.9866666666666667 52 0.8645833333333334 11 0.3809523809523809 41 1 52 0.9583333333333334 11 0.8095238095238095 41 1
 53 1 12 1 41 1 53 0.8333333333333334 12 0.2380952380952381 41 1 53 0.9479166666666666 12 0.7619047619047619 41 1
 54 1 12 1 42 1 54 0.8958333333333334 12 0.5238095238095238 42 1 54 0.96875 12 0.9047619047619048 42 0.9866666666666667
 55 1 12 1 43 1 55 0.9895833333333334 12 1 43 0.9866666666666667 55 0.9583333333333334 12 0.8095238095238095 43 1
 56 1 12 1 44 1 56 0.84375 12 0.2857142857142857 44 1 56 0.9583333333333334 12 0.8095238095238095 44 1
 57 0.9895833333333334 12 1 45 0.9866666666666667 57 0.9583333333333334 12 0.8095238095238095 45 1 57 0.9479166666666666 12 0.7619047619047619 45 1
 58 1 13 1 45 1 58 0.90625 13 0.5714285714285714 45 1 58 0.9583333333333334 13 0.8571428571428571 45 0.9866666666666667
 59 1 13 1 46 1 59 0.9895833333333334 13 1 46 0.9866666666666667 59 0.9583333333333334 13 0.8095238095238095 46 1
 60 0.9895833333333334 13 1 47 0.9866666666666667 60 0.9479166666666666 13 0.7619047619047619 47 1 60 0.9583333333333334 13 0.8095238095238095 47 1
 61 0.9895833333333334 13 1 48 0.9866666666666667 61 0.9895833333333334 13 1 48 0.9866666666666667 61 0.9479166666666666 13 0.8095238095238095 48 0.9866666666666667
 62 0.9895833333333334 14 1 48 0.9866666666666667 62 0.9895833333333334 14 1 48 0.9866666666666667 62 0.96875 14 0.8571428571428571 48 1
 63 0.9895833333333334 14 1 49 0.9866666666666667 63 0.9895833333333334 14 1 49 0.9866666666666667 63 0.9791666666666666 14 0.9047619047619048 49 1
 64 0.9895833333333334 14 1 50 0.9866666666666667 64 0.9895833333333334 14 1 50 0.9866666666666667 64 0.9583333333333334 14 0.8095238095238095 50 1
 65 1 14 1 51 1 65 0.9895833333333334 14 1 51 0.9866666666666667 65 0.9583333333333334 14 0.8571428571428571 51 0.9866666666666667
 66 0.9895833333333334 14 1 52 0.9866666666666667 66 0.9583333333333334 14 0.8095238095238095 52 1 66 0.96875 14 0.8571428571428571 52 1
 67 0.9895833333333334 15 1 52 0.9866666666666667 67 0.9895833333333334 15 1 52 0.9866666666666667 67 0.9583333333333334 15 0.8571428571428571 52 0.9866666666666667
 68 1 15 1 53 1 68 0.9895833333333334 15 1 53 0.9866666666666667 68 0.9479166666666666 15 0.7619047619047619 53 1
 69 1 15 1 54 1 69 0.9895833333333334 15 1 54 0.9866666666666667 69 0.9583333333333334 15 0.8095238095238095 54 1
 70 1 15 1 55 1 70 1 15 1 55 1 70 0.96875 15 0.8571428571428571 55 1
 71 0.9895833333333334 16 1 55 0.9866666666666667 71 0.9791666666666666 16 1 55 0.9733333333333334 71 0.96875 16 0.8571428571428571 55 1
 72 1 16 1 56 1 72 0.9895833333333334 16 1 56 0.9866666666666667 72 0.9583333333333334 16 0.8571428571428571 56 0.9866666666666667
