# Created by Octave 3.6.2, Sat Apr 12 13:03:38 2014 CST <waldronluo@Debian>
# name: accruacyM
# type: matrix
# rows: 92
# columns: 18
 5 0.78125 1 0 4 1 5 0.7916666666666666 1 0.04761904761904762 4 1 5 0.78125 1 0 4 1
 6 0.78125 1 0 5 1 6 0.7916666666666666 1 0.04761904761904762 5 1 6 0.78125 1 0 5 1
 7 0.7916666666666666 2 0.04761904761904762 5 1 7 0.8020833333333334 2 0.09523809523809523 5 1 7 0.78125 2 0 5 1
 8 0.7916666666666666 2 0.04761904761904762 6 1 8 0.8020833333333334 2 0.09523809523809523 6 1 8 0.78125 2 0 6 1
 9 0.7916666666666666 2 0.04761904761904762 7 1 9 0.8020833333333334 2 0.09523809523809523 7 1 9 0.78125 2 0 7 1
 10 0.78125 2 0 8 1 10 0.8020833333333334 2 0.09523809523809523 8 1 10 0.78125 2 0 8 1
 11 0.78125 2 0 9 1 11 0.8020833333333334 2 0.09523809523809523 9 1 11 0.78125 2 0 9 1
 12 1 3 1 9 1 12 0.8020833333333334 3 0.09523809523809523 9 1 12 0.78125 3 0 9 1
 13 1 3 1 10 1 13 0.8020833333333334 3 0.09523809523809523 10 1 13 0.78125 3 0 10 1
 14 1 3 1 11 1 14 0.8020833333333334 3 0.09523809523809523 11 1 14 0.78125 3 0 11 1
 15 0.9479166666666666 3 0.7619047619047619 12 1 15 0.8020833333333334 3 0.09523809523809523 12 1 15 0.78125 3 0 12 1
 16 1 4 1 13 1 16 0.8125 4 0.1428571428571428 13 1 16 0.8229166666666666 4 0.1904761904761905 13 1
 17 1 4 1 13 1 17 0.8125 4 0.1428571428571428 13 1 17 0.8229166666666666 4 0.1904761904761905 13 1
 18 1 4 1 14 1 18 0.8125 4 0.1428571428571428 14 1 18 0.8229166666666666 4 0.1904761904761905 14 1
 19 1 4 1 15 1 19 0.8020833333333334 4 0.09523809523809523 15 1 19 0.8125 4 0.1428571428571428 15 1
 20 1 4 1 16 1 20 0.8020833333333334 4 0.09523809523809523 16 1 20 0.8125 4 0.1428571428571428 16 1
 21 1 5 1 16 1 21 0.8125 5 0.1428571428571428 16 1 21 0.8333333333333334 5 0.2380952380952381 16 1
 22 1 5 1 17 1 22 0.8125 5 0.1428571428571428 17 1 22 0.8333333333333334 5 0.2380952380952381 17 1
 23 1 5 1 18 1 23 0.8125 5 0.1428571428571428 18 1 23 0.8333333333333334 5 0.2380952380952381 18 1
 24 1 5 1 19 1 24 0.8125 5 0.1428571428571428 19 1 24 0.8333333333333334 5 0.2380952380952381 19 1
 25 1 5 1 20 1 25 0.8020833333333334 5 0.09523809523809523 20 1 25 0.8333333333333334 5 0.2380952380952381 20 1
 26 0.9895833333333334 6 1 20 0.9866666666666667 26 0.8125 6 0.1428571428571428 20 1 26 0.90625 6 0.5714285714285714 20 1
 27 0.9895833333333334 6 1 21 0.9866666666666667 27 0.8125 6 0.1428571428571428 21 1 27 0.8854166666666666 6 0.4761904761904762 21 1
 28 0.9895833333333334 6 1 22 0.9866666666666667 28 0.8125 6 0.1428571428571428 22 1 28 0.875 6 0.4285714285714285 22 1
 29 0.9895833333333334 6 1 23 0.9866666666666667 29 0.8125 6 0.1428571428571428 23 1 29 0.875 6 0.4285714285714285 23 1
 30 0.9895833333333334 7 1 23 0.9866666666666667 30 0.8125 7 0.1428571428571428 23 1 30 0.90625 7 0.5714285714285714 23 1
 31 0.9895833333333334 7 1 24 0.9866666666666667 31 0.8125 7 0.1428571428571428 24 1 31 0.90625 7 0.5714285714285714 24 1
 32 0.9895833333333334 7 1 25 0.9866666666666667 32 0.8125 7 0.1428571428571428 25 1 32 0.8958333333333334 7 0.5238095238095238 25 1
 33 0.9895833333333334 7 1 26 0.9866666666666667 33 0.8125 7 0.1428571428571428 26 1 33 0.8958333333333334 7 0.5238095238095238 26 1
 34 0.9895833333333334 7 1 27 0.9866666666666667 34 0.8125 7 0.1428571428571428 27 1 34 0.8958333333333334 7 0.5238095238095238 27 1
 35 0.9895833333333334 8 1 27 0.9866666666666667 35 0.875 8 0.4285714285714285 27 1 35 0.90625 8 0.5714285714285714 27 1
 36 0.9895833333333334 8 1 28 0.9866666666666667 36 0.8333333333333334 8 0.2380952380952381 28 1 36 0.90625 8 0.5714285714285714 28 1
 37 0.9895833333333334 8 1 29 0.9866666666666667 37 0.8125 8 0.1428571428571428 29 1 37 0.90625 8 0.5714285714285714 29 1
 38 0.9895833333333334 8 1 30 0.9866666666666667 38 0.8125 8 0.1428571428571428 30 1 38 0.90625 8 0.5714285714285714 30 1
 39 0.9895833333333334 9 1 30 0.9866666666666667 39 0.875 9 0.4285714285714285 30 1 39 0.9166666666666666 9 0.6190476190476191 30 1
 40 0.9895833333333334 9 1 31 0.9866666666666667 40 0.875 9 0.4285714285714285 31 1 40 0.9166666666666666 9 0.6190476190476191 31 1
 41 0.9895833333333334 9 1 32 0.9866666666666667 41 0.875 9 0.4285714285714285 32 1 41 0.9166666666666666 9 0.6190476190476191 32 1
 42 0.9895833333333334 9 1 33 0.9866666666666667 42 0.875 9 0.4285714285714285 33 1 42 0.9166666666666666 9 0.6190476190476191 33 1
 43 0.9895833333333334 9 1 34 0.9866666666666667 43 0.875 9 0.4285714285714285 34 1 43 0.9166666666666666 9 0.6190476190476191 34 1
 44 0.9895833333333334 10 1 34 0.9866666666666667 44 0.9583333333333334 10 0.8095238095238095 34 1 44 0.9270833333333334 10 0.6666666666666666 34 1
 45 0.9895833333333334 10 1 35 0.9866666666666667 45 0.9583333333333334 10 0.8095238095238095 35 1 45 0.9270833333333334 10 0.6666666666666666 35 1
 46 0.9895833333333334 10 1 36 0.9866666666666667 46 0.9583333333333334 10 0.8095238095238095 36 1 46 0.9270833333333334 10 0.6666666666666666 36 1
 47 0.9895833333333334 10 1 37 0.9866666666666667 47 0.9375 10 0.7142857142857143 37 1 47 0.9270833333333334 10 0.6666666666666666 37 1
 48 0.9895833333333334 11 1 38 0.9866666666666667 48 0.9895833333333334 11 1 38 0.9866666666666667 48 0.9166666666666666 11 0.6190476190476191 38 1
 49 0.9895833333333334 11 1 38 0.9866666666666667 49 0.9895833333333334 11 1 38 0.9866666666666667 49 0.9166666666666666 11 0.6190476190476191 38 1
 50 0.9895833333333334 11 1 39 0.9866666666666667 50 0.9895833333333334 11 1 39 0.9866666666666667 50 0.9166666666666666 11 0.6190476190476191 39 1
 51 0.9895833333333334 11 1 40 0.9866666666666667 51 0.9895833333333334 11 1 40 0.9866666666666667 51 0.9166666666666666 11 0.6190476190476191 40 1
 52 0.9895833333333334 11 1 41 0.9866666666666667 52 0.9895833333333334 11 1 41 0.9866666666666667 52 0.9166666666666666 11 0.6190476190476191 41 1
 53 0.9895833333333334 12 1 41 0.9866666666666667 53 0.9895833333333334 12 1 41 0.9866666666666667 53 0.9166666666666666 12 0.6190476190476191 41 1
 54 0.9895833333333334 12 1 42 0.9866666666666667 54 0.9895833333333334 12 1 42 0.9866666666666667 54 0.9166666666666666 12 0.6190476190476191 42 1
 55 0.9895833333333334 12 1 43 0.9866666666666667 55 0.9895833333333334 12 1 43 0.9866666666666667 55 0.9166666666666666 12 0.6190476190476191 43 1
 56 0.9895833333333334 12 1 44 0.9866666666666667 56 0.9895833333333334 12 1 44 0.9866666666666667 56 0.9166666666666666 12 0.6190476190476191 44 1
 57 0.9895833333333334 12 1 45 0.9866666666666667 57 0.9895833333333334 12 1 45 0.9866666666666667 57 0.9166666666666666 12 0.6190476190476191 45 1
 58 0.9895833333333334 13 1 45 0.9866666666666667 58 0.9895833333333334 13 1 45 0.9866666666666667 58 0.9166666666666666 13 0.6190476190476191 45 1
 59 0.9895833333333334 13 1 46 0.9866666666666667 59 0.9895833333333334 13 1 46 0.9866666666666667 59 0.9166666666666666 13 0.6190476190476191 46 1
 60 0.9895833333333334 13 1 47 0.9866666666666667 60 0.9895833333333334 13 1 47 0.9866666666666667 60 0.9166666666666666 13 0.6190476190476191 47 1
 61 0.9895833333333334 13 1 48 0.9866666666666667 61 0.9895833333333334 13 1 48 0.9866666666666667 61 0.9166666666666666 13 0.6190476190476191 48 1
 62 0.9895833333333334 14 1 48 0.9866666666666667 62 0.9895833333333334 14 1 48 0.9866666666666667 62 0.9166666666666666 14 0.6190476190476191 48 1
 63 0.9895833333333334 14 1 49 0.9866666666666667 63 0.9895833333333334 14 1 49 0.9866666666666667 63 0.9166666666666666 14 0.6190476190476191 49 1
 64 0.9895833333333334 14 1 50 0.9866666666666667 64 0.9895833333333334 14 1 50 0.9866666666666667 64 0.9166666666666666 14 0.6190476190476191 50 1
 65 0.9895833333333334 14 1 51 0.9866666666666667 65 0.9895833333333334 14 1 51 0.9866666666666667 65 0.9166666666666666 14 0.6190476190476191 51 1
 66 0.9895833333333334 14 1 52 0.9866666666666667 66 0.9895833333333334 14 1 52 0.9866666666666667 66 0.9166666666666666 14 0.6190476190476191 52 1
