# Created by Octave 3.6.2, Sat Apr 12 13:05:05 2014 CST <waldronluo@Debian>
# name: accruacyM
# type: matrix
# rows: 92
# columns: 18
 5 0.78125 1 0 4 1 5 0.78125 1 0 4 1 5 0.78125 1 0 4 1
 6 0.78125 1 0 5 1 6 0.78125 1 0 5 1 6 0.78125 1 0 5 1
 7 0.8958333333333334 2 0.5238095238095238 5 1 7 0.78125 2 0 5 1 7 0.78125 2 0 5 1
 8 0.8541666666666666 2 0.3333333333333333 6 1 8 0.78125 2 0 6 1 8 0.78125 2 0 6 1
 9 0.8541666666666666 2 0.3333333333333333 7 1 9 0.78125 2 0 7 1 9 0.78125 2 0 7 1
 10 0.8333333333333334 2 0.2380952380952381 8 1 10 0.78125 2 0 8 1 10 0.78125 2 0 8 1
 11 0.7916666666666666 2 0.04761904761904762 9 1 11 0.78125 2 0 9 1 11 0.78125 2 0 9 1
 12 1 3 1 9 1 12 0.78125 3 0 9 1 12 0.78125 3 0 9 1
 13 1 3 1 10 1 13 0.78125 3 0 10 1 13 0.78125 3 0 10 1
 14 0.9791666666666666 3 0.9047619047619048 11 1 14 0.78125 3 0 11 1 14 0.78125 3 0 11 1
 15 0.96875 3 0.8571428571428571 12 1 15 0.78125 3 0 12 1 15 0.78125 3 0 12 1
 16 1 4 1 13 1 16 0.78125 4 0 13 1 16 0.78125 4 0 13 1
 17 1 4 1 13 1 17 0.78125 4 0 13 1 17 0.78125 4 0 13 1
 18 1 4 1 14 1 18 0.78125 4 0 14 1 18 0.78125 4 0 14 1
 19 1 4 1 15 1 19 0.78125 4 0 15 1 19 0.78125 4 0 15 1
 20 1 4 1 16 1 20 0.78125 4 0 16 1 20 0.78125 4 0 16 1
 21 0.9895833333333334 5 1 16 0.9866666666666667 21 0.78125 5 0 16 1 21 0.78125 5 0 16 1
 22 0.9895833333333334 5 1 17 0.9866666666666667 22 0.78125 5 0 17 1 22 0.78125 5 0 17 1
 23 0.9895833333333334 5 1 18 0.9866666666666667 23 0.78125 5 0 18 1 23 0.78125 5 0 18 1
 24 0.9895833333333334 5 1 19 0.9866666666666667 24 0.78125 5 0 19 1 24 0.78125 5 0 19 1
 25 0.9895833333333334 5 1 20 0.9866666666666667 25 0.78125 5 0 20 1 25 0.78125 5 0 20 1
 26 0.9895833333333334 6 1 20 0.9866666666666667 26 0.78125 6 0 20 1 26 0.8229166666666666 6 0.1904761904761905 20 1
 27 0.9895833333333334 6 1 21 0.9866666666666667 27 0.78125 6 0 21 1 27 0.8229166666666666 6 0.1904761904761905 21 1
 28 0.9895833333333334 6 1 22 0.9866666666666667 28 0.78125 6 0 22 1 28 0.8229166666666666 6 0.1904761904761905 22 1
 29 0.9895833333333334 6 1 23 0.9866666666666667 29 0.78125 6 0 23 1 29 0.8229166666666666 6 0.1904761904761905 23 1
 30 0.9895833333333334 7 1 23 0.9866666666666667 30 0.8229166666666666 7 0.1904761904761905 23 1 30 0.8645833333333334 7 0.3809523809523809 23 1
 31 0.9895833333333334 7 1 24 0.9866666666666667 31 0.8229166666666666 7 0.1904761904761905 24 1 31 0.8645833333333334 7 0.3809523809523809 24 1
 32 0.9895833333333334 7 1 25 0.9866666666666667 32 0.8229166666666666 7 0.1904761904761905 25 1 32 0.8645833333333334 7 0.3809523809523809 25 1
 33 0.9895833333333334 7 1 26 0.9866666666666667 33 0.8229166666666666 7 0.1904761904761905 26 1 33 0.8645833333333334 7 0.3809523809523809 26 1
 34 0.9895833333333334 7 1 27 0.9866666666666667 34 0.8229166666666666 7 0.1904761904761905 27 1 34 0.8645833333333334 7 0.3809523809523809 27 1
 35 0.9895833333333334 8 1 27 0.9866666666666667 35 0.9479166666666666 8 0.7619047619047619 27 1 35 0.9166666666666666 8 0.6666666666666666 27 0.9866666666666667
 36 0.9895833333333334 8 1 28 0.9866666666666667 36 0.9375 8 0.7142857142857143 28 1 36 0.9166666666666666 8 0.6666666666666666 28 0.9866666666666667
 37 0.9895833333333334 8 1 29 0.9866666666666667 37 0.9375 8 0.7142857142857143 29 1 37 0.90625 8 0.6190476190476191 29 0.9866666666666667
 38 0.9895833333333334 8 1 30 0.9866666666666667 38 0.9375 8 0.7142857142857143 30 1 38 0.90625 8 0.6190476190476191 30 0.9866666666666667
 39 0.9895833333333334 9 1 30 0.9866666666666667 39 1 9 1 30 1 39 0.9270833333333334 9 0.7142857142857143 30 0.9866666666666667
 40 0.9895833333333334 9 1 31 0.9866666666666667 40 1 9 1 31 1 40 0.9270833333333334 9 0.7142857142857143 31 0.9866666666666667
 41 0.9895833333333334 9 1 32 0.9866666666666667 41 1 9 1 32 1 41 0.9270833333333334 9 0.7142857142857143 32 0.9866666666666667
 42 0.9895833333333334 9 1 33 0.9866666666666667 42 1 9 1 33 1 42 0.9270833333333334 9 0.7142857142857143 33 0.9866666666666667
 43 0.9895833333333334 9 1 34 0.9866666666666667 43 1 9 1 34 1 43 0.9270833333333334 9 0.7142857142857143 34 0.9866666666666667
 44 0.9895833333333334 10 1 34 0.9866666666666667 44 0.9895833333333334 10 1 34 0.9866666666666667 44 0.9375 10 0.7619047619047619 34 0.9866666666666667
 45 0.9895833333333334 10 1 35 0.9866666666666667 45 0.9895833333333334 10 1 35 0.9866666666666667 45 0.9270833333333334 10 0.7142857142857143 35 0.9866666666666667
 46 0.9895833333333334 10 1 36 0.9866666666666667 46 1 10 1 36 1 46 0.9270833333333334 10 0.7142857142857143 36 0.9866666666666667
 47 0.9895833333333334 10 1 37 0.9866666666666667 47 1 10 1 37 1 47 0.9270833333333334 10 0.7142857142857143 37 0.9866666666666667
 48 0.9895833333333334 11 1 38 0.9866666666666667 48 0.9895833333333334 11 1 38 0.9866666666666667 48 0.9270833333333334 11 0.7142857142857143 38 0.9866666666666667
 49 0.9895833333333334 11 1 38 0.9866666666666667 49 0.9895833333333334 11 1 38 0.9866666666666667 49 0.9270833333333334 11 0.7142857142857143 38 0.9866666666666667
 50 0.9895833333333334 11 1 39 0.9866666666666667 50 0.9895833333333334 11 1 39 0.9866666666666667 50 0.9270833333333334 11 0.7142857142857143 39 0.9866666666666667
 51 0.9895833333333334 11 1 40 0.9866666666666667 51 0.9895833333333334 11 1 40 0.9866666666666667 51 0.9270833333333334 11 0.7142857142857143 40 0.9866666666666667
 52 0.9895833333333334 11 1 41 0.9866666666666667 52 0.9895833333333334 11 1 41 0.9866666666666667 52 0.9270833333333334 11 0.7142857142857143 41 0.9866666666666667
 53 0.9895833333333334 12 1 41 0.9866666666666667 53 0.9895833333333334 12 1 41 0.9866666666666667 53 0.9375 12 0.7619047619047619 41 0.9866666666666667
 54 0.9895833333333334 12 1 42 0.9866666666666667 54 0.9895833333333334 12 1 42 0.9866666666666667 54 0.9375 12 0.7619047619047619 42 0.9866666666666667
 55 0.9895833333333334 12 1 43 0.9866666666666667 55 0.9895833333333334 12 1 43 0.9866666666666667 55 0.9375 12 0.7619047619047619 43 0.9866666666666667
 56 0.9895833333333334 12 1 44 0.9866666666666667 56 0.9895833333333334 12 1 44 0.9866666666666667 56 0.9375 12 0.7619047619047619 44 0.9866666666666667
 57 0.9895833333333334 12 1 45 0.9866666666666667 57 0.9895833333333334 12 1 45 0.9866666666666667 57 0.9375 12 0.7619047619047619 45 0.9866666666666667
 58 0.9895833333333334 13 1 45 0.9866666666666667 58 0.9895833333333334 13 1 45 0.9866666666666667 58 0.9375 13 0.7619047619047619 45 0.9866666666666667
 59 0.9895833333333334 13 1 46 0.9866666666666667 59 0.9895833333333334 13 1 46 0.9866666666666667 59 0.9375 13 0.7619047619047619 46 0.9866666666666667
 60 0.9895833333333334 13 1 47 0.9866666666666667 60 0.9895833333333334 13 1 47 0.9866666666666667 60 0.9375 13 0.7619047619047619 47 0.9866666666666667
 61 0.9895833333333334 13 1 48 0.9866666666666667 61 0.9895833333333334 13 1 48 0.9866666666666667 61 0.9375 13 0.7619047619047619 48 0.9866666666666667
 62 0.9895833333333334 14 1 48 0.9866666666666667 62 0.9895833333333334 14 1 48 0.9866666666666667 62 0.9375 14 0.7619047619047619 48 0.9866666666666667
 63 0.9895833333333334 14 1 49 0.9866666666666667 63 0.9895833333333334 14 1 49 0.9866666666666667 63 0.9375 14 0.7619047619047619 49 0.9866666666666667
 64 0.9895833333333334 14 1 50 0.9866666666666667 64 0.9895833333333334 14 1 50 0.9866666666666667 64 0.9375 14 0.7619047619047619 50 0.9866666666666667
 65 0.9895833333333334 14 1 51 0.9866666666666667 65 0.9895833333333334 14 1 51 0.9866666666666667 65 0.9375 14 0.7619047619047619 51 0.9866666666666667
 66 0.9895833333333334 14 1 52 0.9866666666666667 66 0.9895833333333334 14 1 52 0.9866666666666667 66 0.9375 14 0.7619047619047619 52 0.9866666666666667
 67 0.9895833333333334 15 1 52 0.9866666666666667 67 0.9895833333333334 15 1 52 0.9866666666666667 67 0.9375 15 0.7619047619047619 52 0.9866666666666667
 68 0.9895833333333334 15 1 53 0.9866666666666667 68 0.9895833333333334 15 1 53 0.9866666666666667 68 0.9375 15 0.7619047619047619 53 0.9866666666666667
