# Created by Octave 3.6.2, Sat Apr 12 13:06:28 2014 CST <waldronluo@Debian>
# name: accruacyM
# type: matrix
# rows: 92
# columns: 18
 5 0.78125 1 0 4 1 5 0.78125 1 0 4 1 5 0.78125 1 0 4 1
 6 0.78125 1 0 5 1 6 0.78125 1 0 5 1 6 0.78125 1 0 5 1
 7 0.8229166666666666 2 0.1904761904761905 5 1 7 0.78125 2 0 5 1 7 0.78125 2 0 5 1
 8 0.8125 2 0.1428571428571428 6 1 8 0.78125 2 0 6 1 8 0.78125 2 0 6 1
 9 0.8125 2 0.1428571428571428 7 1 9 0.78125 2 0 7 1 9 0.78125 2 0 7 1
 10 0.8125 2 0.1428571428571428 8 1 10 0.78125 2 0 8 1 10 0.78125 2 0 8 1
 11 0.8125 2 0.1428571428571428 9 1 11 0.78125 2 0 9 1 11 0.78125 2 0 9 1
 12 0.9479166666666666 3 0.7619047619047619 9 1 12 0.7916666666666666 3 0.04761904761904762 9 1 12 0.8020833333333334 3 0.09523809523809523 9 1
 13 0.9479166666666666 3 0.7619047619047619 10 1 13 0.7916666666666666 3 0.04761904761904762 10 1 13 0.8020833333333334 3 0.09523809523809523 10 1
 14 0.9479166666666666 3 0.7619047619047619 11 1 14 0.7916666666666666 3 0.04761904761904762 11 1 14 0.78125 3 0 11 1
 15 0.9479166666666666 3 0.7619047619047619 12 1 15 0.7916666666666666 3 0.04761904761904762 12 1 15 0.78125 3 0 12 1
 16 1 4 1 13 1 16 0.7916666666666666 4 0.04761904761904762 13 1 16 0.8229166666666666 4 0.1904761904761905 13 1
 17 1 4 1 13 1 17 0.7916666666666666 4 0.04761904761904762 13 1 17 0.8229166666666666 4 0.1904761904761905 13 1
 18 1 4 1 14 1 18 0.7916666666666666 4 0.04761904761904762 14 1 18 0.8229166666666666 4 0.1904761904761905 14 1
 19 1 4 1 15 1 19 0.7916666666666666 4 0.04761904761904762 15 1 19 0.8229166666666666 4 0.1904761904761905 15 1
 20 1 4 1 16 1 20 0.7916666666666666 4 0.04761904761904762 16 1 20 0.8229166666666666 4 0.1904761904761905 16 1
 21 0.9895833333333334 5 1 16 0.9866666666666667 21 0.7916666666666666 5 0.04761904761904762 16 1 21 0.8541666666666666 5 0.3333333333333333 16 1
 22 0.9895833333333334 5 1 17 0.9866666666666667 22 0.7916666666666666 5 0.04761904761904762 17 1 22 0.8541666666666666 5 0.3333333333333333 17 1
 23 0.9895833333333334 5 1 18 0.9866666666666667 23 0.7916666666666666 5 0.04761904761904762 18 1 23 0.8541666666666666 5 0.3333333333333333 18 1
 24 0.9895833333333334 5 1 19 0.9866666666666667 24 0.7916666666666666 5 0.04761904761904762 19 1 24 0.8541666666666666 5 0.3333333333333333 19 1
 25 0.9895833333333334 5 1 20 0.9866666666666667 25 0.7916666666666666 5 0.04761904761904762 20 1 25 0.8541666666666666 5 0.3333333333333333 20 1
 26 0.9895833333333334 6 1 20 0.9866666666666667 26 0.7916666666666666 6 0.04761904761904762 20 1 26 0.8958333333333334 6 0.5238095238095238 20 1
 27 0.9895833333333334 6 1 21 0.9866666666666667 27 0.7916666666666666 6 0.04761904761904762 21 1 27 0.8958333333333334 6 0.5238095238095238 21 1
 28 0.9895833333333334 6 1 22 0.9866666666666667 28 0.7916666666666666 6 0.04761904761904762 22 1 28 0.875 6 0.4285714285714285 22 1
 29 0.9895833333333334 6 1 23 0.9866666666666667 29 0.7916666666666666 6 0.04761904761904762 23 1 29 0.8645833333333334 6 0.3809523809523809 23 1
 30 0.9895833333333334 7 1 23 0.9866666666666667 30 0.8020833333333334 7 0.09523809523809523 23 1 30 0.8854166666666666 7 0.5238095238095238 23 0.9866666666666667
 31 0.9895833333333334 7 1 24 0.9866666666666667 31 0.8020833333333334 7 0.09523809523809523 24 1 31 0.8854166666666666 7 0.5238095238095238 24 0.9866666666666667
 32 0.9895833333333334 7 1 25 0.9866666666666667 32 0.8020833333333334 7 0.09523809523809523 25 1 32 0.8854166666666666 7 0.5238095238095238 25 0.9866666666666667
 33 0.9895833333333334 7 1 26 0.9866666666666667 33 0.8020833333333334 7 0.09523809523809523 26 1 33 0.8854166666666666 7 0.5238095238095238 26 0.9866666666666667
 34 0.9895833333333334 7 1 27 0.9866666666666667 34 0.8020833333333334 7 0.09523809523809523 27 1 34 0.8645833333333334 7 0.4285714285714285 27 0.9866666666666667
 35 0.9895833333333334 8 1 27 0.9866666666666667 35 0.8958333333333334 8 0.5238095238095238 27 1 35 0.8645833333333334 8 0.4285714285714285 27 0.9866666666666667
 36 0.9895833333333334 8 1 28 0.9866666666666667 36 0.8645833333333334 8 0.3809523809523809 28 1 36 0.8645833333333334 8 0.4285714285714285 28 0.9866666666666667
 37 0.9895833333333334 8 1 29 0.9866666666666667 37 0.8333333333333334 8 0.2380952380952381 29 1 37 0.8541666666666666 8 0.3809523809523809 29 0.9866666666666667
 38 0.9895833333333334 8 1 30 0.9866666666666667 38 0.8020833333333334 8 0.09523809523809523 30 1 38 0.8541666666666666 8 0.3809523809523809 30 0.9866666666666667
 39 0.9895833333333334 9 1 30 0.9866666666666667 39 0.9583333333333334 9 0.8095238095238095 30 1 39 0.8541666666666666 9 0.3809523809523809 30 0.9866666666666667
 40 0.9895833333333334 9 1 31 0.9866666666666667 40 0.9583333333333334 9 0.8095238095238095 31 1 40 0.8645833333333334 9 0.3809523809523809 31 1
 41 0.9895833333333334 9 1 32 0.9866666666666667 41 0.9583333333333334 9 0.8095238095238095 32 1 41 0.8645833333333334 9 0.3809523809523809 32 1
 42 0.9895833333333334 9 1 33 0.9866666666666667 42 0.9583333333333334 9 0.8095238095238095 33 1 42 0.8645833333333334 9 0.3809523809523809 33 1
 43 0.9895833333333334 9 1 34 0.9866666666666667 43 0.9479166666666666 9 0.7619047619047619 34 1 43 0.8645833333333334 9 0.3809523809523809 34 1
 44 0.9895833333333334 10 1 34 0.9866666666666667 44 0.9895833333333334 10 1 34 0.9866666666666667 44 0.8645833333333334 10 0.3809523809523809 34 1
 45 0.9895833333333334 10 1 35 0.9866666666666667 45 0.9895833333333334 10 1 35 0.9866666666666667 45 0.8645833333333334 10 0.3809523809523809 35 1
 46 0.9895833333333334 10 1 36 0.9866666666666667 46 0.9895833333333334 10 1 36 0.9866666666666667 46 0.8645833333333334 10 0.3809523809523809 36 1
 47 0.9895833333333334 10 1 37 0.9866666666666667 47 0.9895833333333334 10 1 37 0.9866666666666667 47 0.8645833333333334 10 0.3809523809523809 37 1
 48 0.9895833333333334 11 1 38 0.9866666666666667 48 0.9791666666666666 11 1 38 0.9733333333333334 48 0.8854166666666666 11 0.4761904761904762 38 1
 49 0.9895833333333334 11 1 38 0.9866666666666667 49 0.9791666666666666 11 1 38 0.9733333333333334 49 0.8854166666666666 11 0.4761904761904762 38 1
 50 0.9895833333333334 11 1 39 0.9866666666666667 50 0.9791666666666666 11 1 39 0.9733333333333334 50 0.8854166666666666 11 0.4761904761904762 39 1
 51 0.9895833333333334 11 1 40 0.9866666666666667 51 0.9895833333333334 11 1 40 0.9866666666666667 51 0.875 11 0.4285714285714285 40 1
 52 0.9895833333333334 11 1 41 0.9866666666666667 52 0.9895833333333334 11 1 41 0.9866666666666667 52 0.875 11 0.4285714285714285 41 1
 53 0.9895833333333334 12 1 41 0.9866666666666667 53 0.9791666666666666 12 1 41 0.9733333333333334 53 0.8854166666666666 12 0.4761904761904762 41 1
 54 0.9895833333333334 12 1 42 0.9866666666666667 54 0.9895833333333334 12 1 42 0.9866666666666667 54 0.8854166666666666 12 0.4761904761904762 42 1
 55 0.9895833333333334 12 1 43 0.9866666666666667 55 0.9895833333333334 12 1 43 0.9866666666666667 55 0.8854166666666666 12 0.4761904761904762 43 1
 56 0.9895833333333334 12 1 44 0.9866666666666667 56 0.9895833333333334 12 1 44 0.9866666666666667 56 0.8854166666666666 12 0.4761904761904762 44 1
 57 0.9895833333333334 12 1 45 0.9866666666666667 57 0.9895833333333334 12 1 45 0.9866666666666667 57 0.8854166666666666 12 0.4761904761904762 45 1
 58 0.9895833333333334 13 1 45 0.9866666666666667 58 0.9791666666666666 13 1 45 0.9733333333333334 58 0.8958333333333334 13 0.5238095238095238 45 1
 59 0.9895833333333334 13 1 46 0.9866666666666667 59 0.9791666666666666 13 1 46 0.9733333333333334 59 0.8958333333333334 13 0.5238095238095238 46 1
 60 0.9895833333333334 13 1 47 0.9866666666666667 60 0.9791666666666666 13 1 47 0.9733333333333334 60 0.8958333333333334 13 0.5238095238095238 47 1
 61 0.9895833333333334 13 1 48 0.9866666666666667 61 0.9791666666666666 13 1 48 0.9733333333333334 61 0.8958333333333334 13 0.5238095238095238 48 1
 62 0.9895833333333334 14 1 48 0.9866666666666667 62 0.9791666666666666 14 1 48 0.9733333333333334 62 0.8958333333333334 14 0.5238095238095238 48 1
