# Created by Octave 3.6.2, Sat Apr 12 13:07:21 2014 CST <waldronluo@Debian>
# name: accruacyM
# type: matrix
# rows: 92
# columns: 18
 5 0.78125 1 0 4 1 5 0.78125 1 0 4 1 5 0.78125 1 0 4 1
 6 0.78125 1 0 5 1 6 0.78125 1 0 5 1 6 0.78125 1 0 5 1
 7 0.9895833333333334 2 0.9523809523809523 5 1 7 0.78125 2 0 5 1 7 0.78125 2 0 5 1
 8 0.7916666666666666 2 0.04761904761904762 6 1 8 0.78125 2 0 6 1 8 0.78125 2 0 6 1
 9 0.7916666666666666 2 0.04761904761904762 7 1 9 0.78125 2 0 7 1 9 0.78125 2 0 7 1
 10 0.7916666666666666 2 0.04761904761904762 8 1 10 0.78125 2 0 8 1 10 0.78125 2 0 8 1
 11 0.78125 2 0 9 1 11 0.78125 2 0 9 1 11 0.78125 2 0 9 1
 12 0.9895833333333334 3 0.9523809523809523 9 1 12 0.7916666666666666 3 0.04761904761904762 9 1 12 0.78125 3 0 9 1
 13 0.9895833333333334 3 0.9523809523809523 10 1 13 0.7916666666666666 3 0.04761904761904762 10 1 13 0.78125 3 0 10 1
 14 0.9895833333333334 3 0.9523809523809523 11 1 14 0.7916666666666666 3 0.04761904761904762 11 1 14 0.78125 3 0 11 1
 15 0.9375 3 0.7142857142857143 12 1 15 0.7916666666666666 3 0.04761904761904762 12 1 15 0.78125 3 0 12 1
 16 1 4 1 13 1 16 0.7916666666666666 4 0.04761904761904762 13 1 16 0.7916666666666666 4 0.04761904761904762 13 1
 17 1 4 1 13 1 17 0.7916666666666666 4 0.04761904761904762 13 1 17 0.7916666666666666 4 0.04761904761904762 13 1
 18 1 4 1 14 1 18 0.7916666666666666 4 0.04761904761904762 14 1 18 0.7916666666666666 4 0.04761904761904762 14 1
 19 1 4 1 15 1 19 0.7916666666666666 4 0.04761904761904762 15 1 19 0.7916666666666666 4 0.04761904761904762 15 1
 20 1 4 1 16 1 20 0.7916666666666666 4 0.04761904761904762 16 1 20 0.7916666666666666 4 0.04761904761904762 16 1
 21 1 5 1 16 1 21 0.7916666666666666 5 0.04761904761904762 16 1 21 0.8020833333333334 5 0.09523809523809523 16 1
 22 1 5 1 17 1 22 0.7916666666666666 5 0.04761904761904762 17 1 22 0.8020833333333334 5 0.09523809523809523 17 1
 23 1 5 1 18 1 23 0.7916666666666666 5 0.04761904761904762 18 1 23 0.8020833333333334 5 0.09523809523809523 18 1
 24 1 5 1 19 1 24 0.7916666666666666 5 0.04761904761904762 19 1 24 0.7916666666666666 5 0.04761904761904762 19 1
 25 1 5 1 20 1 25 0.7916666666666666 5 0.04761904761904762 20 1 25 0.7916666666666666 5 0.04761904761904762 20 1
 26 1 6 1 20 1 26 0.8020833333333334 6 0.09523809523809523 20 1 26 0.8541666666666666 6 0.3333333333333333 20 1
 27 1 6 1 21 1 27 0.8020833333333334 6 0.09523809523809523 21 1 27 0.8541666666666666 6 0.3333333333333333 21 1
 28 1 6 1 22 1 28 0.8020833333333334 6 0.09523809523809523 22 1 28 0.8541666666666666 6 0.3333333333333333 22 1
 29 1 6 1 23 1 29 0.7916666666666666 6 0.04761904761904762 23 1 29 0.8125 6 0.1428571428571428 23 1
 30 1 7 1 23 1 30 0.8229166666666666 7 0.1904761904761905 23 1 30 0.8541666666666666 7 0.3333333333333333 23 1
 31 1 7 1 24 1 31 0.8229166666666666 7 0.1904761904761905 24 1 31 0.8541666666666666 7 0.3333333333333333 24 1
 32 1 7 1 25 1 32 0.8020833333333334 7 0.09523809523809523 25 1 32 0.8541666666666666 7 0.3333333333333333 25 1
 33 1 7 1 26 1 33 0.8020833333333334 7 0.09523809523809523 26 1 33 0.8541666666666666 7 0.3333333333333333 26 1
 34 1 7 1 27 1 34 0.8020833333333334 7 0.09523809523809523 27 1 34 0.8541666666666666 7 0.3333333333333333 27 1
 35 1 8 1 27 1 35 0.8645833333333334 8 0.3809523809523809 27 1 35 0.8854166666666666 8 0.4761904761904762 27 1
 36 1 8 1 28 1 36 0.8645833333333334 8 0.3809523809523809 28 1 36 0.875 8 0.4285714285714285 28 1
 37 1 8 1 29 1 37 0.8645833333333334 8 0.3809523809523809 29 1 37 0.8645833333333334 8 0.3809523809523809 29 1
 38 1 8 1 30 1 38 0.8645833333333334 8 0.3809523809523809 30 1 38 0.8645833333333334 8 0.3809523809523809 30 1
 39 1 9 1 30 1 39 0.8645833333333334 9 0.3809523809523809 30 1 39 0.8645833333333334 9 0.3809523809523809 30 1
 40 1 9 1 31 1 40 0.8645833333333334 9 0.3809523809523809 31 1 40 0.875 9 0.4285714285714285 31 1
 41 1 9 1 32 1 41 0.8645833333333334 9 0.3809523809523809 32 1 41 0.8645833333333334 9 0.3809523809523809 32 1
 42 1 9 1 33 1 42 0.8645833333333334 9 0.3809523809523809 33 1 42 0.8645833333333334 9 0.3809523809523809 33 1
 43 1 9 1 34 1 43 0.8645833333333334 9 0.3809523809523809 34 1 43 0.8645833333333334 9 0.3809523809523809 34 1
 44 0.9895833333333334 10 1 34 0.9866666666666667 44 0.9583333333333334 10 0.8095238095238095 34 1 44 0.875 10 0.4285714285714285 34 1
 45 0.9895833333333334 10 1 35 0.9866666666666667 45 0.9583333333333334 10 0.8095238095238095 35 1 45 0.875 10 0.4285714285714285 35 1
 46 0.9895833333333334 10 1 36 0.9866666666666667 46 0.9583333333333334 10 0.8095238095238095 36 1 46 0.875 10 0.4285714285714285 36 1
 47 0.9895833333333334 10 1 37 0.9866666666666667 47 0.9583333333333334 10 0.8095238095238095 37 1 47 0.875 10 0.4285714285714285 37 1
 48 0.9895833333333334 11 1 38 0.9866666666666667 48 1 11 1 38 1 48 0.8854166666666666 11 0.4761904761904762 38 1
 49 0.9895833333333334 11 1 38 0.9866666666666667 49 1 11 1 38 1 49 0.8854166666666666 11 0.4761904761904762 38 1
 50 0.9895833333333334 11 1 39 0.9866666666666667 50 1 11 1 39 1 50 0.8854166666666666 11 0.4761904761904762 39 1
 51 0.9895833333333334 11 1 40 0.9866666666666667 51 1 11 1 40 1 51 0.875 11 0.4285714285714285 40 1
 52 0.9895833333333334 11 1 41 0.9866666666666667 52 1 11 1 41 1 52 0.875 11 0.4285714285714285 41 1
 53 0.9895833333333334 12 1 41 0.9866666666666667 53 0.9895833333333334 12 1 41 0.9866666666666667 53 0.875 12 0.4285714285714285 41 1
 54 0.9895833333333334 12 1 42 0.9866666666666667 54 0.9895833333333334 12 1 42 0.9866666666666667 54 0.8854166666666666 12 0.4761904761904762 42 1
 55 0.9895833333333334 12 1 43 0.9866666666666667 55 0.9895833333333334 12 1 43 0.9866666666666667 55 0.8854166666666666 12 0.4761904761904762 43 1
 56 0.9895833333333334 12 1 44 0.9866666666666667 56 0.9895833333333334 12 1 44 0.9866666666666667 56 0.8854166666666666 12 0.4761904761904762 44 1
 57 0.9895833333333334 12 1 45 0.9866666666666667 57 0.9895833333333334 12 1 45 0.9866666666666667 57 0.8854166666666666 12 0.4761904761904762 45 1
 58 0.9895833333333334 13 1 45 0.9866666666666667 58 0.9895833333333334 13 1 45 0.9866666666666667 58 0.8958333333333334 13 0.5238095238095238 45 1
 59 0.9895833333333334 13 1 46 0.9866666666666667 59 0.9895833333333334 13 1 46 0.9866666666666667 59 0.8958333333333334 13 0.5238095238095238 46 1
 60 0.9895833333333334 13 1 47 0.9866666666666667 60 0.9895833333333334 13 1 47 0.9866666666666667 60 0.8958333333333334 13 0.5238095238095238 47 1
 61 0.9895833333333334 13 1 48 0.9866666666666667 61 0.9895833333333334 13 1 48 0.9866666666666667 61 0.8958333333333334 13 0.5238095238095238 48 1
 62 0.9895833333333334 14 1 48 0.9866666666666667 62 0.9895833333333334 14 1 48 0.9866666666666667 62 0.8958333333333334 14 0.5238095238095238 48 1
 63 1 14 1 49 1 63 0.9895833333333334 14 1 49 0.9866666666666667 63 0.8958333333333334 14 0.5238095238095238 49 1
 64 1 14 1 50 1 64 0.9895833333333334 14 1 50 0.9866666666666667 64 0.8645833333333334 14 0.3809523809523809 50 1
 65 1 14 1 51 1 65 0.9895833333333334 14 1 51 0.9866666666666667 65 0.8645833333333334 14 0.3809523809523809 51 1
 66 1 14 1 52 1 66 0.9895833333333334 14 1 52 0.9866666666666667 66 0.8645833333333334 14 0.3809523809523809 52 1
 67 1 15 1 52 1 67 0.9791666666666666 15 1 52 0.9733333333333334 67 0.90625 15 0.5714285714285714 52 1
 68 1 15 1 53 1 68 0.9895833333333334 15 1 53 0.9866666666666667 68 0.90625 15 0.5714285714285714 53 1
 69 1 15 1 54 1 69 0.9895833333333334 15 1 54 0.9866666666666667 69 0.90625 15 0.5714285714285714 54 1
 70 1 15 1 55 1 70 0.9895833333333334 15 1 55 0.9866666666666667 70 0.90625 15 0.5714285714285714 55 1
 71 1 16 1 55 1 71 0.9895833333333334 16 1 55 0.9866666666666667 71 0.8958333333333334 16 0.5238095238095238 55 1
 72 1 16 1 56 1 72 0.9895833333333334 16 1 56 0.9866666666666667 72 0.8958333333333334 16 0.5238095238095238 56 1
 73 1 16 1 57 1 73 0.9895833333333334 16 1 57 0.9866666666666667 73 0.8958333333333334 16 0.5238095238095238 57 1
